7984177761867372
33560398699766169768427115
50284450
3067347729
21313323750
109826333161441029
758053228405
4113196787884054
313982466816
404095433135823
1228813928182220414
293459583559266489435107024118948465
17256411719212238
137651948347722639836423123832
98028528285
475536367178334
26500426089739
1955684265565028022605724
296358287713054
16906208011022459472115916688
97362073698835998
4742476181281754893883218401
3058014382871666
82353910656931493154664
87033
718738766
7932019522886263725
2121779459699799925712360861687966
3396902211844830847
2927355212905200917700900
80843485596
51578143403204
47990007649520
42723889785859785568689456
17137786650
7752646031127633125
371912569
176527069703010
75710396192099657237
412027938319975069345900482
36528906008514
35250888173183460003485
49247116022226553
98494232044453102
2347458012523608
1065745937685511916
7084360722616168
240868264568948556
39136481680118887
2006365466350314397932550
945736977391392
57669149403653984892
30645884920817497
61291769841634990
3025722607561183
2003865536960822314221889029492
767610875315853
74370084642264743214896
88586479974087
265759439922252
22198646493897620848
18295871019490702333716788448896009967
6492811171344282029
298934039003067135658750686148
531406947991519160
25254052389398706605151
9540
4365956
887618
69829255512
106537883510410
8009731152427311496
9362560821758
28087682465265
6246818137321156274
518229785854018921139085
58573232210
386166260534143613421
650970233254543147
1301940466509086290
338649302
29355408448776
9329670529804089596
31263725945373493006995
7147811583663298
596292244055662167422742465
83206905716818
798821149613789687160
826512164262
36286361620121177
7122259767779193276
42733558606675159620
6470
19401
973286306294124856
23946607225250052998278728775
6195
5012766
6214570226167435
1198305860112876827886
7795654861384
420858313599583196364
95096845040768544
802399088311219918165248397081280
4136966930
1977208620452496
146680
1173376
10861418
44156846517
453708407995773
23691126833185999739955626
25459030532875161
818062068433839337090970
775463593917
3810628076360742
5007441624948493
381239819729282797318332
2383031796458316
374947963505795212685107083
2375939221041
156657211926972366866270
39418165089359626
207360146678225222698973919328
12947623042023
3124015364289266077212
2930
230769
76174062833004389300
3502561593036678597160342691994900
26916411719210
134582058596025
1931490301
154468004530265608
39804683911241568676
8995858563940594469700
3059038269066245231
897913385042390671478184
403425051
227498458574844
71103
5114232
7723228633696705513
439382113095189047526804936401376036
3403
216970
7179409363001053451
28617379081759129150591155473328
2280021
335141478
7056698069
21170094198
740647493560433
4114296826697347290
1795982142836570
3279463392816242544
85800165125
735926753866937724
497297
41765892
3604790369
820701250371540
160639879940574641
9410518261676524156699521756328
4388694954381
267710392213520
703606518555
52683000032540004055616
908344514361754277
4799776575892571226419482551972090
608020
737268075
300399237355277
4293606299314684312
90752616257386456314
699407725341553678202357000
6241924250346600
40830274088306659833984
37474795613250
3587928797397690973584
830739187442159
43115268473141154368494158
989788674474
47509856372448
465554294022529
3077366984987426423826926704
8060
1085451
76832722
114062952483720
8649228565033
663113549551960890570
7767051571051984941
17627572640229690777023914568
63760720598
59424990728712
784873393933635113
3348172129279061852873852702782
72952394812786194
481425401137934822345784
